detector_convention=MOSFLM
angles_rad=rotx:0.0872664625997165 roty:0.0523598775598299 rotz:0.0349065850398866 twotheta:0.261799387799149
beam_center_m=X:5.12e-05 Y:5.12e-05 pixel_mm:0.1
initial_fdet=0 0 1
initial_sdet=0 -1 0
initial_odet=1 0 0
Rx=[1 0 0; 0 0.996194698091746 -0.0871557427476582; 0 0.0871557427476582 0.996194698091746]
Ry=[0.998629534754574 0 0.0523359562429438; 0 1 0; -0.0523359562429438 0 0.998629534754574]
Rz=[0.999390827019096 -0.034899496702501 0; 0.034899496702501 0.999390827019096 0; 0 0 1]
R_total=[0.998021196624068 -0.0302080931112661 0.0551467333542405; 0.0348516681551873 0.99574703303416 -0.0852831016700733; -0.0523359562429438 0.0870362988312832 0.994829447880333]
fdet_after_rotz=0.0311947630447082 -0.096650175316428 0.994829447880333
sdet_after_rotz=-0.228539518954453 -0.969636205471835 -0.0870362988312832
odet_after_rotz=0.973034724475264 -0.224642766741965 -0.0523359562429438
twotheta_axis=0 0 -1
fdet_after_twotheta=0.0311947630447082 -0.096650175316428 0.994829447880333
sdet_after_twotheta=-0.228539518954453 -0.969636205471835 -0.0870362988312832
odet_after_twotheta=0.973034724475264 -0.224642766741965 -0.0523359562429438
convention_mapping=Fbeam←Ybeam_mm(+0.5px),Sbeam←Xbeam_mm(+0.5px),beam_vec=[1 0 0]
Fbeam_m=0.05125
Sbeam_m=0.05125
distance_m=0.1
term_fast=-0.00159873160604129 0.00495332148496694 -0.0509850092038671
term_slow=0.0117126503464157 0.0496938555304316 0.00446061031510326
term_beam=0.1 0 0
pix0_vector_calculated=0.110113918740374 0.0546471770153985 -0.0465243988887638
pix0_vector=0.110113918740374 0.0546471770153985 -0.0465243988887638
