TRACE_C:detector_convention=MOSFLM
TRACE_C:angles_rad=rotx:0.0872664625997165 roty:0.0523598775598299 rotz:0.0349065850398866 twotheta:0.349065850398866
TRACE_C:beam_center_m=X:5.125e-05 Y:5.125e-05 pixel_mm:0.1
TRACE_C:initial_fdet=0 0 1
TRACE_C:initial_sdet=0 -1 0
TRACE_C:initial_odet=1 0 0
TRACE_C:Rx=[1 0 0; 0 0.996194698091746 -0.0871557427476582; 0 0.0871557427476582 0.996194698091746]
TRACE_C:Ry=[0.998629534754574 0 0.0523359562429438; 0 1 0; -0.0523359562429438 0 0.998629534754574]
TRACE_C:Rz=[0.999390827019096 -0.034899496702501 0; 0.034899496702501 0.999390827019096 0; 0 0 1]
TRACE_C:R_total=[0.998021196624068 -0.0302080931112661 0.0551467333542405; 0.0348516681551873 0.99574703303416 -0.0852831016700733; -0.0523359562429438 0.0870362988312832 0.994829447880333]
TRACE_C:fdet_after_rotz=0.0226524397369719 -0.099001194962862 0.994829447880333
TRACE_C:sdet_after_rotz=-0.312179220769782 -0.946027915447173 -0.0870362988312832
TRACE_C:odet_after_rotz=0.949753126393135 -0.308593497323911 -0.0523359562429438
TRACE_C:twotheta_axis=0 0 -1
TRACE_C:fdet_after_twotheta=0.0226524397369719 -0.099001194962862 0.994829447880333
TRACE_C:sdet_after_twotheta=-0.312179220769782 -0.946027915447173 -0.0870362988312832
TRACE_C:odet_after_twotheta=0.949753126393135 -0.308593497323911 -0.0523359562429438
TRACE_C:convention_mapping=Fbeam←Ybeam_mm(+0.5px),Sbeam←Xbeam_mm(+0.5px),beam_vec=[1 0 0]
TRACE_C:Fbeam_m=0.0513
TRACE_C:Sbeam_m=0.0513
TRACE_C:distance_m=0.1
TRACE_C:term_fast=-0.00116207015850666 0.00507876130159482 -0.0510347506762611
TRACE_C:term_slow=0.0160147940254898 0.04853123206244 0.00446496213004483
TRACE_C:term_beam=0.1 0 0
TRACE_C:pix0_vector=0.114852723866983 0.0536099933640348 -0.0465697885462163
