tc_d1:46.853947
tc_d3:120.063362