Shape: (1024,)
Min: 0.000000e+00
Max: 0.000000e+00
Mean: 0.000000e+00
Sum: 0.000000e+00
Non-zero: 0
