tc_d1:0.048639
tc_d3:0.052953
