TC-D1: 0.048638785
TC-D3: 0.052952869
