TC-D1: 46.853945616
TC-D3: 120.063362163
